500 29 0.39817309379577637
500 11 0.41133904457092285
500 13 0.3515772819519043
500 12 0.3721652030944824
500 8 0.36920619010925293
500 11 0.43308115005493164
500 13 0.40804481506347656
500 14 0.34260010719299316
500 16 0.44122815132141113
500 9 0.36723899841308594
500 4 0.35422277450561523
500 15 0.43886709213256836
500 19 0.3966059684753418
500 12 0.3740108013153076
500 12 0.37586212158203125
472 13 0.3402440547943115
500 9 0.4938929080963135
500 7 0.4576718807220459
28 16 0.34648585319519043
500 14 0.3995499610900879
500 8 0.3722267150878906
500 15 0.38138604164123535
500 8 0.3639099597930908
500 16 0.3742349147796631
500 18 0.4317901134490967
500 12 0.4538612365722656
500 12 0.4505140781402588
500 5 0.35282087326049805
500 6 0.37154197692871094
500 11 0.39195704460144043
500 9 0.36639881134033203
500 9 0.37506794929504395
500 12 0.3887479305267334
500 12 0.3913729190826416
500 10 0.4609508514404297
500 15 0.4691958427429199
500 14 0.41306018829345703
81 17 0.33672499656677246
500 6 0.4067809581756592
500 3 0.3741281032562256
500 10 0.4249229431152344
500 6 0.393934965133667
500 15 0.36603498458862305
500 15 0.37375712394714355
500 2 0.37303805351257324
500 19 0.3982679843902588
500 14 0.37213873863220215
500 6 0.36850810050964355
500 14 0.4521210193634033
500 14 0.5514569282531738
500 19 0.5160272121429443
500 8 0.5385711193084717
500 10 0.4503359794616699
500 14 0.5999889373779297
500 10 0.4534778594970703
433 13 0.43692922592163086
500 12 0.5133481025695801
500 22 0.5231750011444092
500 13 0.5568180084228516
500 21 0.511962890625
500 18 0.37386298179626465
500 9 0.3509800434112549
500 12 0.3674612045288086
500 17 0.4371631145477295
500 4 0.4438488483428955
500 12 0.4510941505432129
500 7 0.46450090408325195
276 23 0.4477369785308838
500 8 0.4479520320892334
500 9 0.45894503593444824
500 9 0.3595447540283203
500 11 0.4709179401397705
500 15 0.3736000061035156
500 12 0.35540294647216797
500 9 0.35843992233276367
500 13 0.36417508125305176
500 15 0.37476491928100586
500 11 0.3571610450744629
441 15 0.3578529357910156
500 13 0.39360904693603516
500 6 0.3912639617919922
369 14 0.3906559944152832
500 9 0.3613111972808838
500 10 0.3684806823730469
500 9 0.41490817070007324
500 13 0.35523080825805664
420 15 0.346966028213501
500 14 0.41837406158447266
500 20 0.35022687911987305
500 6 0.3543417453765869
500 1 0.35766005516052246
500 16 0.43023014068603516
500 8 0.4635450839996338
500 6 0.4457731246948242
500 15 0.47519493103027344
500 12 0.4555661678314209
500 14 0.47293996810913086
500 9 0.4625399112701416
362 16 0.44252586364746094
500 11 0.4957551956176758
500 7 0.4432339668273926
500 3 0.4190242290496826
500 15 0.5731151103973389
500 19 0.4282410144805908
500 12 0.508918046951294
500 8 0.42726612091064453
500 9 0.37295007705688477
500 12 0.38847899436950684
500 18 0.36201906204223633
