500 33 0.3296339511871338
500 24 0.27759623527526855
500 12 0.30378103256225586
500 16 0.264998197555542
500 10 0.238677978515625
500 13 0.24042701721191406
425 17 0.24245095252990723
500 5 0.22582316398620605
500 12 0.25087904930114746
500 21 0.23851370811462402
367 20 0.23581504821777344
500 15 0.23776912689208984
500 16 0.2505941390991211
454 6 0.22434091567993164
230 25 0.25742578506469727
254 31 0.3735818862915039
500 15 0.24693584442138672
500 20 0.25135087966918945
500 18 0.2428278923034668
500 12 0.24933075904846191
415 10 0.24756407737731934
500 18 0.25183892250061035
500 19 0.2526829242706299
500 13 0.24721312522888184
500 3 0.2516500949859619
500 6 0.239732027053833
500 22 0.24867892265319824
490 9 0.22853302955627441
485 16 0.24762415885925293
500 15 0.24022388458251953
500 8 0.24474096298217773
500 21 0.24188899993896484
245 5 0.22511887550354004
500 6 0.2428281307220459
500 11 0.2580139636993408
179 26 0.2339768409729004
500 11 0.24161100387573242
500 36 0.31510472297668457
500 20 0.2941927909851074
500 27 0.3664119243621826
500 9 0.24108219146728516
500 14 0.23265933990478516
500 17 0.2814810276031494
292 48 0.24704885482788086
500 12 0.2407827377319336
500 9 0.2864060401916504
500 17 0.2448880672454834
500 19 0.2637460231781006
500 19 0.2980008125305176
500 14 0.25385212898254395
189 7 0.24187588691711426
500 38 0.27339887619018555
500 13 0.27599525451660156
500 22 0.24089694023132324
500 500 0.24384832382202148
500 23 0.3033740520477295
500 20 0.2748539447784424
500 18 0.29268813133239746
500 12 0.2984187602996826
500 19 0.2577362060546875
500 25 0.2600548267364502
500 22 0.2503697872161865
500 10 0.2371540069580078
500 35 0.2354140281677246
500 11 0.24711203575134277
268 25 0.2323622703552246
500 12 0.26178407669067383
500 15 0.2407989501953125
500 24 0.24570417404174805
500 11 0.23604106903076172
491 12 0.2300570011138916
500 15 0.2540149688720703
500 16 0.24102520942687988
500 19 0.264232873916626
500 21 0.2503049373626709
500 17 0.23427104949951172
398 18 0.2415170669555664
291 9 0.23813486099243164
500 24 0.26068997383117676
500 10 0.23439311981201172
500 14 0.23955607414245605
500 10 0.24189996719360352
500 19 0.23775887489318848
500 14 0.24028635025024414
500 4 0.23775100708007812
500 21 0.24994516372680664
289 12 0.23660492897033691
500 10 0.24653124809265137
388 22 0.22492623329162598
500 16 0.2519948482513428
499 13 0.22762703895568848
500 15 0.25668907165527344
500 6 0.29616737365722656
500 10 0.2399916648864746
500 20 0.24515700340270996
498 13 0.2305128574371338
500 14 0.2453749179840088
500 18 0.2358229160308838
500 12 0.24236488342285156
500 22 0.24377799034118652
500 16 0.25130319595336914
