500 12 0.3047778606414795
500 16 0.2929370403289795
500 9 0.2276921272277832
500 11 0.23189187049865723
500 9 0.2379441261291504
500 19 0.2431330680847168
500 21 0.23676586151123047
500 25 0.25518202781677246
500 19 0.23505711555480957
500 15 0.26619386672973633
500 6 0.2496509552001953
500 18 0.23883891105651855
500 11 0.2741999626159668
500 11 0.24364304542541504
500 10 0.24809598922729492
500 15 0.25664615631103516
500 10 0.289348840713501
329 19 0.26580119132995605
327 21 0.23425507545471191
500 11 0.24910521507263184
