500 10 0.3815627098083496
500 7 0.390941858291626
500 14 0.3748791217803955
500 9 0.37089991569519043
500 17 0.3441789150238037
500 20 0.3449442386627197
500 6 0.36617326736450195
500 11 0.34366703033447266
500 8 0.35422420501708984
500 8 0.3704218864440918
500 16 0.39552807807922363
500 16 0.3975207805633545
500 23 0.3673210144042969
500 6 0.3469991683959961
500 10 0.3459129333496094
500 11 0.36837100982666016
500 9 0.36510801315307617
500 15 0.36948299407958984
500 12 0.3726661205291748
500 6 0.36459803581237793
500 7 0.3775060176849365
500 15 0.4087231159210205
500 17 0.3715059757232666
500 11 0.3690781593322754
500 11 0.3734860420227051
500 16 0.36302804946899414
500 7 0.3647480010986328
500 9 0.35407328605651855
500 19 0.39931201934814453
500 9 0.36628293991088867
500 7 0.36838793754577637
500 14 0.3588559627532959
500 10 0.36458706855773926
500 16 0.36753201484680176
500 10 0.3628101348876953
500 10 0.3851921558380127
500 8 0.3700881004333496
500 16 0.41954922676086426
500 13 0.40456700325012207
500 14 0.44804811477661133
500 13 0.3628048896789551
500 17 0.4042849540710449
500 8 0.38509202003479004
500 7 0.3473317623138428
500 16 0.3676939010620117
500 9 0.3745858669281006
500 11 0.49709296226501465
500 16 0.4024360179901123
500 16 0.35292601585388184
500 8 0.3686490058898926
500 21 0.37085604667663574
500 11 0.37501096725463867
500 10 0.36434197425842285
500 16 0.36414313316345215
500 7 0.374392032623291
500 25 0.3669009208679199
500 12 0.36162686347961426
500 11 0.3669908046722412
500 10 0.3629910945892334
500 15 0.3693249225616455
500 22 0.3960719108581543
500 500 0.39550113677978516
500 11 0.3800809383392334
500 16 0.3723933696746826
500 19 0.37034106254577637
500 18 0.3780059814453125
500 40 0.386336088180542
500 12 0.36959004402160645
500 19 0.3629570007324219
500 13 0.36328792572021484
500 14 0.36942267417907715
500 14 0.3651700019836426
500 11 0.37106800079345703
500 7 0.37403321266174316
500 10 0.3836050033569336
500 6 0.3549327850341797
500 14 0.36880993843078613
500 13 0.3626079559326172
500 12 0.3560769557952881
386 13 0.34077000617980957
500 10 0.36078310012817383
500 9 0.3784759044647217
500 13 0.3388631343841553
500 12 0.37261104583740234
500 8 0.36161279678344727
324 14 0.3464510440826416
500 500 0.36528611183166504
500 14 0.3727750778198242
500 9 0.3471200466156006
500 10 0.3413581848144531
500 10 0.3495779037475586
500 11 0.35062694549560547
500 10 0.3650360107421875
500 17 0.36237096786499023
500 14 0.3768348693847656
500 14 0.3696880340576172
500 14 0.34177184104919434
