500 21 0.44554710388183594
500 19 0.4003610610961914
500 15 0.34961891174316406
500 7 0.3490629196166992
500 11 0.3491787910461426
500 16 0.34360814094543457
500 14 0.34122323989868164
500 15 0.33573293685913086
500 13 0.38504505157470703
500 18 0.3292701244354248
500 44 0.3316679000854492
500 5 0.34908604621887207
500 21 0.35109806060791016
500 11 0.35347986221313477
500 24 0.34285736083984375
500 14 0.3397982120513916
500 13 0.34597206115722656
500 22 0.35176706314086914
500 17 0.35815000534057617
500 22 0.3715169429779053
500 21 0.3639719486236572
500 12 0.3637511730194092
500 15 0.35412096977233887
500 17 0.3568379878997803
500 24 0.3400399684906006
500 20 0.3709843158721924
500 55 0.35043811798095703
500 500 0.26417994499206543
500 38 0.36275219917297363
500 11 0.3308563232421875
500 13 0.3695259094238281
500 11 0.35307788848876953
500 18 0.35616087913513184
500 27 0.33473992347717285
500 13 0.33855605125427246
500 19 0.3590869903564453
500 22 0.3618748188018799
500 14 0.429675817489624
500 24 0.325092077255249
500 20 0.3572869300842285
500 7 0.35755109786987305
500 9 0.3583080768585205
500 5 0.3768808841705322
500 13 0.37375378608703613
500 62 0.37442803382873535
500 22 0.3485431671142578
500 9 0.356381893157959
500 17 0.4134979248046875
500 57 0.3340299129486084
500 14 0.3749880790710449
500 8 0.3757808208465576
500 18 0.36142992973327637
500 10 0.35887598991394043
500 19 0.3629329204559326
500 5 0.35509705543518066
500 12 0.37723493576049805
500 18 0.34952211380004883
500 22 0.39060306549072266
500 23 0.40665125846862793
500 18 0.33098697662353516
500 14 0.37223196029663086
500 21 0.3889279365539551
500 11 0.37545299530029297
500 13 0.34459805488586426
500 12 0.4255809783935547
500 13 0.35751891136169434
500 13 0.4054749011993408
500 28 0.3798811435699463
500 12 0.33521509170532227
500 22 0.3443632125854492
500 18 0.37836289405822754
500 9 0.4004940986633301
500 24 0.3457508087158203
500 35 0.3908109664916992
500 17 0.4245290756225586
500 17 0.38007211685180664
500 14 0.3544001579284668
500 23 0.3585011959075928
500 25 0.382749080657959
500 14 0.36992383003234863
500 15 0.35512590408325195
500 15 0.3956930637359619
500 16 0.33496809005737305
500 27 0.36645007133483887
500 13 0.39619994163513184
500 28 0.38113999366760254
500 19 0.3532741069793701
500 16 0.3309152126312256
500 25 0.3312959671020508
500 16 0.3489820957183838
500 13 0.4125549793243408
500 70 0.3720521926879883
500 23 0.36001110076904297
500 18 0.3373830318450928
277 18 0.31177401542663574
500 16 0.37210798263549805
500 6 0.34271693229675293
500 6 0.33741021156311035
500 15 0.3643639087677002
500 13 0.33487987518310547
