500 5 0.44469785690307617
500 16 0.40906310081481934
500 20 0.3494589328765869
500 21 0.35596489906311035
500 37 0.4018239974975586
500 21 0.35201096534729004
500 25 0.3485291004180908
500 13 0.35277819633483887
500 14 0.36003828048706055
500 11 0.3684098720550537
500 14 0.44012880325317383
500 34 0.4095430374145508
500 16 0.37279701232910156
500 18 0.36301517486572266
500 22 0.36649394035339355
500 12 0.3491511344909668
500 18 0.34589624404907227
500 13 0.35385799407958984
500 13 0.35974693298339844
382 6 0.3266448974609375
